495,250
495,235
495,236
61,36
61,35
495,243
61,34
61,16
61,13
495,593
91,9
98,119
92,6
92,5
408,4
98,118
61,12
91,14
495,460
495,355
495,592
61,33
61,20
61,18
495,461
495,518
495,512
50,11
0,404
0,401
0,376
0,374
0,336
0,322
0,317
0,311
0,306
0,301
0,243
495,591
495,1
495,3
0,396
495,0
0,310
0,305
431,1
431,3
431,0
430,1
430,3
430,0
429,1
429,3
429,0
428,1
428,3
428,0
427,1
427,3
427,0
426,1
426,3
426,0
425,1
425,3
425,0
424,1
424,3
424,0
423,1
423,3
423,0
422,1
422,3
422,0
420,1
420,3
420,0
421,1
421,3
421,0
416,1
416,3
416,0
415,1
415,3
415,0
414,1
414,3
0,316
414,0
413,1
413,3
413,0
412,1
412,3
412,0
411,1
411,3
411,0
410,1
410,3
410,0
409,1
409,3
409,0
408,1
408,3
0,498
408,0
407,1
407,3
407,0
406,1
406,3
0,480
0,314
406,0
0,412
0,9
0,319
0,324
0,491
0,469
0,455
0,450
0,446
0,432
0,460
0,459
0,453
0,479
0,465
0,464
0,417
0,308
0,304
0,303
0,302
0,307
0,444
0,12
0,373
0,10
0,452
0,8
0,0
0,399
0,300
0,338
0,299
0,384
0,298
0,350
0,297
0,435
0,296
0,395
0,295
0,420
0,294
0,393
0,293
0,508
0,292
0,357
0,291
0,383
0,290
0,345
0,289
0,474
0,288
0,503
0,287
0,429
0,286
0,329
0,285
0,472
0,284
0,499
0,283
0,379
0,282
0,381
0,281
0,313
0,280
0,333
0,279
0,436
0,278
0,413
0,277
0,418
0,276
0,427
0,275
0,378
0,406
0,407
0,410
0,411
0,416
0,419
0,423
0,428
0,434
0,439
0,440
0,442
0,445
0,447
0,449
0,451
0,456
0,457
0,462
0,466
0,467
0,471
0,473
0,478
0,490
0,493
0,497
0,500
1,0
1,1
1,3
1,5
1,6
2,0
2,1
2,3
2,5
2,6
2,8
2,9
2,11
2,12
2,14
2,16
2,17
2,19
2,20
2,22
2,24
2,25
2,27
2,28
2,30
2,32
2,33
2,35
2,64
2,66
2,67
2,69
2,71
2,72
2,74
2,75
2,77
2,79
2,80
2,82
2,83
2,84
2,85
2,86
2,87
2,88
2,90
2,91
2,93
2,95
2,96
2,98
2,99
2,101
2,102
2,104
2,106
2,107
2,109
2,110
2,112
3,0
3,1
3,3
3,4
3,6
24,0
24,1
24,3
24,4
24,6
24,7
24,9
25,1
25,2
25,4
25,5
25,7
25,9
25,10
25,12
25,13
25,15
25,16
25,18
25,20
25,21
25,23
25,24
25,26
26,1
26,2
26,4
26,5
26,7
26,8
26,10
26,12
26,13
26,15
26,16
26,18
26,20
26,21
27,1
27,2
27,4
27,5
27,7
27,9
27,10
27,12
27,13
27,15
27,17
27,18
27,20
27,21
27,23
27,25
28,0
28,2
28,3
28,5
28,6
29,0
29,2
29,3
30,0
30,1
30,3
30,5
30,6
31,1
31,2
31,4
32,0
32,2
32,4
32,5
32,7
32,8
33,1
33,3
33,4
33,6
33,7
34,1
34,2
34,4
35,0
35,1
35,3
35,4
35,6
36,0
36,1
36,3
36,4
36,6
36,8
36,9
37,1
37,2
37,4
37,5
38,1
38,3
38,4
39,1
39,2
39,4
40,1
40,2
40,4
40,5
41,1
41,2
41,4
42,0
42,1
42,3
42,4
43,0
43,2
43,3
43,5
43,6
43,8
43,9
43,11
43,13
43,14
43,16
43,17
44,0
44,2
44,3
45,0
45,1
45,3
45,4
45,6
45,8
46,0
46,2
46,3
47,1
47,3
47,4
48,1
48,2
48,4
48,6
49,0
49,2
49,3
49,5
49,6
50,0
50,2
50,3
50,5
50,6
50,8
50,10
51,0
51,2
51,3
51,5
51,6
52,0
52,2
52,3
52,5
53,0
53,2
53,4
53,5
54,1
54,2
54,4
54,5
55,0
55,2
55,3
55,5
55,6
55,8
55,10
55,11
55,13
55,14
55,16
55,18
55,19
55,21
56,0
56,2
56,3
56,5
57,0
57,1
57,3
57,4
57,6
58,1
58,2
58,4
58,5
59,0
59,1
59,3
60,0
60,1
60,3
60,4
61,1
61,3
61,4
61,6
61,7
61,9
61,10
61,14
61,15
61,17
61,22
61,23
61,25
61,26
61,28
61,30
61,31
62,0
62,1
62,3
62,4
62,6
62,8
62,9
62,11
62,12
62,14
62,16
62,17
63,0
63,1
63,3
63,4
64,0
64,2
64,3
64,5
64,6
65,1
65,3
65,4
66,1
66,2
66,4
67,0
67,2
67,4
67,5
67,7
67,8
68,1
68,3
68,4
68,6
69,0
69,2
69,3
69,5
70,0
70,1
70,3
70,4
70,6
71,1
71,2
71,4
71,5
71,7
72,1
72,2
72,4
72,5
72,7
73,0
73,2
73,4
73,5
73,7
74,0
74,2
74,4
74,5
74,7
74,8
75,1
75,2
75,4
76,0
76,1
76,3
76,4
76,6
77,1
77,2
78,0
78,1
78,3
78,4
78,6
78,8
78,9
78,11
79,0
79,2
79,4
79,5
80,0
80,1
80,3
80,5
80,6
81,1
81,2
81,4
81,5
82,0
82,2
82,3
82,5
82,6
83,1
83,3
83,4
83,6
83,7
83,9
83,10
84,1
84,3
84,4
84,6
84,7
84,9
84,11
84,12
84,14
84,15
84,17
84,18
84,20
84,22
84,23
84,25
84,26
84,28
84,30
84,31
84,33
84,34
84,36
84,37
84,39
84,41
85,0
85,2
85,3
85,5
86,0
86,1
86,3
86,4
87,0
87,2
87,3
88,1
88,2
89,0
89,1
89,3
90,0
90,1
90,3
90,4
90,6
91,0
91,1
91,3
91,4
91,6
91,7
91,11
91,12
92,0
92,1
92,3
93,0
93,1
93,3
93,4
94,1
94,2
94,4
95,1
95,2
95,4
95,5
95,7
96,1
96,2
96,4
96,5
97,0
97,2
97,3
98,0
98,1
98,3
98,4
98,6
98,8
98,9
98,11
98,12
98,14
98,16
98,17
98,19
98,20
98,22
98,23
98,25
98,28
98,30
98,33
98,34
98,66
98,68
98,69
98,73
98,74
98,79
98,80
98,82
98,84
98,85
98,87
98,88
98,90
98,92
98,93
98,95
98,96
98,98
98,99
99,0
99,2
99,3
100,1
100,2
100,4
101,1
101,2
102,0
102,1
102,3
103,0
103,1
103,3
103,4
104,1
104,2
104,4
105,1
105,2
105,4
106,0
106,2
107,0
107,1
107,3
108,0
108,2
108,3
109,0
109,2
109,3
110,0
110,1
110,3
111,0
111,1
111,3
111,4
112,1
112,2
112,4
113,1
113,2
113,4
114,0
114,2
114,4
114,5
115,1
115,2
115,4
115,6
115,7
116,1
116,2
116,4
116,5
117,0
117,2
117,3
117,5
118,0
118,2
118,4
118,5
118,7
118,8
118,10
118,11
119,0
119,2
119,3
119,5
119,6
119,8
119,10
119,11
120,1
120,2
120,4
120,5
120,7
120,9
121,0
121,2
121,3
121,5
121,7
121,8
122,0
122,1
122,3
122,5
122,6
122,8
122,9
122,11
122,12
122,14
122,16
122,17
122,19
122,20
123,1
123,3
123,4
123,6
123,7
123,9
123,10
123,12
123,14
123,15
124,1
124,2
124,4
125,1
125,2
125,4
125,5
126,0
126,1
126,3
127,1
127,2
127,4
127,5
128,1
128,3
128,4
128,6
128,7
129,1
129,2
129,4
130,1
130,2
130,4
130,5
130,7
131,1
131,2
131,4
131,5
132,1
132,3
132,4
133,0
133,1
133,3
133,4
133,6
134,1
134,2
134,4
134,5
135,1
135,3
135,4
136,1
136,2
136,4
136,5
137,0
137,2
137,3
137,5
138,0
138,2
138,4
139,0
139,2
139,3
139,5
140,0
140,2
140,4
140,5
141,1
141,2
142,0
142,2
142,3
142,5
143,0
143,2
143,4
143,5
144,1
144,2
144,4
144,5
145,1
145,3
145,4
146,0
146,1
146,3
147,0
147,1
147,3
148,0
148,2
148,3
148,5
148,7
148,8
148,10
148,11
148,13
148,15
148,16
148,18
148,19
148,21
148,22
148,26
149,1
149,2
149,4
149,5
150,1
150,3
150,4
151,0
151,1
151,3
152,0
152,2
153,0
153,1
153,3
154,0
154,2
154,4
155,0
155,2
155,3
156,0
156,2
156,3
156,5
156,6
157,1
157,2
157,4
157,6
158,0
158,2
158,3
158,5
159,1
159,2
159,4
160,0
160,2
160,3
160,5
160,7
160,8
160,10
160,11
160,13
160,15
161,0
161,2
161,3
161,5
161,6
162,0
162,2
162,3
162,5
163,0
163,2
163,4
163,5
163,7
163,8
164,1
164,3
164,4
165,0
165,1
165,3
165,4
166,1
166,3
166,4
166,6
167,0
167,2
168,0
168,1
168,3
169,0
169,2
169,3
169,5
169,7
170,0
170,2
170,3
170,5
171,1
171,2
171,4
171,5
172,0
172,1
172,3
173,1
173,2
173,4
173,5
174,1
174,3
174,4
174,6
174,7
175,1
175,2
175,4
176,0
176,1
176,3
177,0
177,2
177,4
177,5
177,7
178,0
178,2
178,4
178,5
179,0
179,1
179,3
179,4
180,1
180,3
180,4
180,6
181,0
181,2
181,4
181,5
182,0
182,1
182,3
182,4
183,1
183,3
183,4
183,6
183,7
184,1
184,3
184,4
184,6
185,0
185,2
185,3
185,5
185,7
186,0
186,2
186,3
187,0
187,2
187,3
187,5
188,0
188,2
188,4
189,0
189,2
189,3
189,5
189,6
190,1
190,3
190,4
190,6
191,0
191,2
191,4
191,5
192,0
192,1
192,3
192,4
193,1
193,3
193,4
193,6
194,0
194,2
194,4
195,0
195,2
195,3
195,5
195,6
196,0
196,2
196,3
196,5
197,0
197,2
197,4
198,0
198,2
198,3
198,5
199,1
199,2
199,4
200,0
200,2
200,3
200,5
201,1
201,2
201,4
202,0
202,2
202,4
203,0
203,2
203,3
203,5
203,6
204,0
204,2
204,3
204,5
204,6
205,1
205,3
206,0
206,2
206,3
206,5
207,0
207,2
207,4
207,5
208,1
208,2
209,0
209,2
209,3
210,0
210,1
210,3
210,4
211,1
211,3
211,4
212,1
212,2
212,4
213,1
213,2
213,4
214,0
214,2
214,4
215,0
215,2
215,3
215,5
216,0
216,2
216,4
216,5
216,7
217,0
217,2
217,4
218,0
218,2
218,3
219,1
219,2
219,4
220,1
220,2
220,4
220,5
221,1
221,3
221,4
221,6
222,0
222,2
222,3
223,0
223,2
223,3
224,0
224,1
224,3
224,5
224,6
225,1
225,2
225,4
226,0
226,1
226,3
226,4
227,0
227,1
227,3
227,5
227,6
228,1
228,2
228,4
229,0
229,1
229,3
229,4
229,6
230,0
230,2
230,4
231,0
231,2
231,3
231,5
232,0
232,1
232,3
232,4
233,0
233,1
233,3
233,5
233,6
234,1
234,2
234,4
235,0
235,1
235,3
235,4
236,0
236,1
236,3
236,5
236,6
236,8
236,9
237,1
237,3
237,4
238,1
238,2
238,4
239,0
239,1
239,3
239,4
240,1
240,2
240,4
241,0
241,1
241,3
241,4
242,1
242,3
242,4
242,6
242,7
243,0
243,1
243,3
244,1
244,2
244,4
245,0
245,2
245,4
245,5
245,7
246,0
246,2
246,3
247,0
247,2
247,3
247,5
247,6
248,1
248,3
248,4
248,6
249,0
249,2
249,4
249,5
250,0
250,1
250,3
250,4
250,6
251,1
251,2
251,4
251,5
252,0
252,2
252,3
252,5
252,6
253,0
253,1
253,3
253,5
254,0
254,2
254,3
255,0
255,2
255,3
256,0
256,1
256,3
256,4
257,1
257,3
257,4
257,6
258,0
258,2
258,4
259,0
259,2
259,3
260,0
260,1
260,3
261,0
261,1
261,3
261,4
262,1
262,3
262,4
263,1
263,2
263,4
264,1
264,2
264,4
265,0
265,2
265,3
266,0
266,2
266,3
267,0
267,1
267,3
268,0
268,1
268,3
268,4
269,1
269,2
269,4
270,1
270,2
270,4
271,0
271,2
271,4
271,5
272,1
272,2
272,4
273,0
273,2
273,4
273,5
274,1
274,2
274,4
275,1
275,2
275,4
276,0
276,2
276,4
277,0
277,2
277,3
277,5
278,0
278,2
278,4
278,5
278,7
278,8
279,1
279,3
279,4
279,6
279,7
280,1
280,2
280,4
280,6
280,7
281,1
281,2
281,4
282,0
282,1
282,3
282,4
282,6
283,0
283,2
283,4
283,5
284,0
284,1
284,3
285,0
285,1
285,3
285,4
285,6
286,0
286,1
286,3
286,4
287,0
287,1
287,3
288,1
288,2
288,4
288,5
288,7
289,1
289,2
289,4
289,5
289,7
290,0
290,2
291,0
291,1
291,3
291,4
292,1
292,3
292,4
293,1
293,2
293,4
293,5
293,7
294,1
294,2
294,4
294,5
294,7
295,1
295,2
295,4
295,5
295,7
296,0
296,2
296,4
297,0
297,2
297,3
298,0
298,2
298,3
298,5
298,6
299,1
299,3
299,4
300,1
300,2
300,4
300,5
301,1
301,3
301,4
302,1
302,2
302,4
303,0
303,1
303,3
303,4
304,1
304,2
304,4
305,1
305,2
305,4
305,5
306,1
306,3
306,4
307,0
307,1
307,3
307,4
308,0
308,2
308,3
308,5
308,6
309,1
309,3
309,4
309,6
310,0
310,2
310,4
310,5
311,1
311,2
311,4
312,0
312,2
312,4
313,0
313,2
313,3
313,5
314,0
314,1
314,3
314,4
314,6
314,7
314,9
315,1
315,2
315,4
315,5
316,0
316,2
316,3
316,5
316,6
317,1
317,2
317,4
317,6
318,0
318,2
318,3
318,5
318,7
319,0
319,2
319,3
320,0
320,1
320,3
320,5
320,6
321,0
321,1
321,3
321,5
321,6
322,1
322,2
322,4
323,1
323,2
323,4
323,5
324,0
324,1
324,3
325,0
325,1
325,3
325,4
326,1
326,3
326,4
327,0
327,1
327,3
328,0
328,2
328,4
329,0
329,2
329,3
329,5
329,7
329,8
330,1
330,2
330,4
330,5
331,1
331,3
331,4
332,1
332,2
332,4
333,1
333,2
333,4
334,0
334,2
334,4
335,0
335,2
335,3
335,5
336,0
336,2
336,4
336,5
336,7
337,0
337,2
337,4
337,5
338,1
338,2
338,4
338,5
339,1
339,3
339,4
339,6
340,0
340,2
340,4
340,5
341,0
341,1
341,3
341,4
342,1
342,3
342,4
343,1
343,2
343,4
343,6
344,0
344,2
344,3
345,0
345,1
345,3
345,5
345,6
346,0
346,1
346,3
347,0
347,1
347,3
347,4
348,0
348,2
348,3
349,0
349,1
349,3
349,4
350,1
350,3
350,4
350,6
350,7
351,1
351,3
351,4
352,0
352,1
352,3
352,4
353,1
353,3
353,4
353,6
354,0
354,2
354,4
354,5
354,7
354,8
355,1
355,2
355,4
356,0
356,1
356,3
356,4
357,1
357,3
357,4
358,0
358,1
358,3
359,0
359,1
359,3
359,4
360,0
360,1
360,3
361,0
361,1
361,3
361,4
362,1
362,3
362,4
363,1
363,2
363,4
363,5
363,7
364,1
364,2
364,4
364,5
365,1
365,3
365,4
365,6
366,0
366,2
366,3
366,5
367,1
367,2
367,4
367,5
368,0
368,2
368,3
368,5
369,0
369,2
369,4
369,5
370,0
370,1
370,3
370,4
371,0
371,2
371,3
372,0
372,1
372,3
373,1
373,2
373,4
373,5
374,0
374,1
374,3
374,5
375,0
375,2
375,3
376,0
376,2
376,3
377,0
377,1
377,3
377,4
378,0
378,2
378,3
378,5
379,0
379,2
379,4
380,0
380,2
380,3
381,0
381,1
381,3
381,5
382,0
382,2
382,3
383,1
383,3
383,4
384,1
384,2
384,4
384,6
385,0
385,2
385,3
385,5
385,6
386,1
386,3
386,4
387,0
387,1
387,3
387,5
387,6
388,1
388,2
388,4
388,5
388,7
389,0
389,1
389,3
389,4
389,6
390,1
390,2
390,4
390,5
391,1
391,2
391,4
392,0
392,1
392,3
392,4
393,1
393,3
393,4
394,0
394,1
394,3
395,0
395,1
395,3
395,4
396,1
396,2
396,4
396,6
397,0
397,2
397,3
397,5
398,1
398,2
398,4
399,0
399,2
399,3
399,5
400,1
400,2
400,4
400,5
400,7
401,0
401,1
401,3
401,4
402,1
402,2
402,4
402,6
403,0
403,2
403,3
403,5
404,1
404,2
404,4
405,0
405,2
405,3
406,2
406,5
406,6
407,2
408,2
408,5
409,2
409,4
410,4
410,5
411,2
412,2
412,4
413,4
414,2
414,5
414,6
415,2
416,2
416,4
417,0
417,1
417,3
418,0
418,1
418,3
418,4
420,2
420,4
420,6
422,2
423,2
425,2
426,2
428,2
430,2
431,2
432,1
432,2
433,0
433,1
433,3
434,0
434,1
434,3
434,4
435,1
435,3
435,4
436,1
436,2
436,4
437,0
437,1
437,3
437,4
438,0
438,1
438,3
439,0
439,1
439,3
439,4
440,1
440,3
440,4
440,6
441,0
441,2
441,3
442,0
442,2
442,3
442,5
442,6
442,8
442,10
442,11
443,1
443,2
443,4
443,5
444,0
444,2
444,3
444,5
444,6
445,1
445,3
445,4
446,1
446,2
446,4
446,5
447,1
447,3
447,4
447,6
448,0
448,2
448,4
448,5
449,1
449,2
449,4
450,0
450,1
450,3
450,4
451,1
451,2
451,4
452,0
452,1
452,3
453,0
453,2
453,4
453,5
453,7
454,0
454,2
454,3
455,1
455,3
456,0
456,2
456,3
456,5
457,0
457,1
457,3
457,4
457,6
458,0
458,2
458,4
459,0
459,2
459,3
459,5
460,0
460,1
460,3
460,4
461,0
461,2
461,3
461,5
462,0
462,2
462,3
462,5
463,1
463,2
464,0
464,1
464,3
465,0
465,1
465,3
465,4
466,0
466,1
466,3
466,5
466,6
467,0
467,1
467,3
467,5
468,0
468,2
468,3
468,5
469,0
469,2
470,0
470,1
470,3
470,4
471,0
471,2
471,3
472,0
472,1
472,3
472,5
473,0
473,2
473,3
473,5
474,0
474,2
474,4
474,5
475,1
475,2
475,4
476,0
476,1
476,3
476,4
477,0
477,1
477,3
478,0
478,1
478,3
478,4
479,1
479,3
479,4
480,0
480,1
480,3
480,4
481,0
481,2
481,3
481,5
482,0
482,2
482,4
483,0
483,2
483,3
484,1
484,2
484,4
484,6
484,7
485,1
485,2
485,4
486,1
486,2
486,4
487,0
487,2
487,4
488,0
488,2
488,3
489,0
489,1
489,3
489,5
490,0
490,2
490,3
491,0
491,2
491,3
492,0
492,1
492,3
492,4
493,1
493,3
493,4
494,1
494,2
494,4
495,4
495,5
495,7
495,8
495,10
495,11
495,13
495,15
495,16
495,18
495,19
495,21
495,23
495,24
495,26
495,27
495,29
495,31
495,32
495,34
495,35
495,37
495,38
495,40
495,42
495,43
495,45
495,46
495,48
495,50
495,51
495,53
495,54
495,56
495,57
495,59
495,61
495,62
495,64
495,65
495,67
495,69
495,70
495,72
495,73
495,75
495,76
495,78
495,80
495,81
495,83
495,84
495,86
495,90
495,91
495,96
495,97
495,103
495,104
495,108
495,111
495,112
495,117
495,118
495,120
495,122
495,123
495,125
495,126
495,128
495,130
495,131
495,133
495,134
495,136
495,137
495,139
495,141
495,142
495,144
495,145
495,147
495,149
495,150
495,152
495,153
495,155
495,156
495,158
495,160
495,161
495,163
495,164
495,166
495,168
495,169
495,171
495,172
495,174
495,175
495,177
495,179
495,180
495,182
495,183
495,185
495,187
495,188
495,190
495,191
495,193
495,195
495,196
495,198
495,199
495,201
495,202
495,204
495,206
495,207
495,209
495,210
495,212
495,214
495,215
495,217
495,218
495,220
495,221
495,223
495,225
495,226
495,228
495,229
495,231
495,249
495,256
495,258
495,259
495,261
495,263
495,264
495,266
495,267
495,269
495,271
495,272
495,274
495,275
495,277
495,284
495,301
495,316
495,320
495,322
495,323
495,325
495,327
495,328
495,330
495,331
495,333
495,335
495,336
495,338
495,339
495,341
495,342
495,344
495,346
495,347
495,349
495,350
495,401
495,402
495,404
495,405
495,407
495,408
495,410
495,412
495,413
495,415
495,416
495,418
495,420
495,421
495,423
495,424
495,426
495,427
495,448
495,450
495,451
495,453
495,454
495,513
495,589
495,590
495,462
495,238
98,116
495,233
495,458
495,239
495,247
495,515
495,640
495,237
98,117
495,516
495,517
495,455
495,452
495,449
495,428
495,425
495,422
495,419
495,417
495,414
495,411
495,409
495,406
495,403
495,398
495,351
495,348
495,345
495,343
495,340
495,337
495,334
495,332
495,329
495,326
495,324
495,321
495,312
495,290
495,276
495,273
495,270
495,268
495,265
495,262
495,260
495,257
495,232
495,230
495,227
495,224
495,222
495,219
495,216
495,213
495,211
495,208
495,205
495,203
495,200
495,197
495,194
495,192
495,189
495,186
495,184
495,181
495,178
495,176
495,173
495,170
495,167
495,165
495,162
495,159
495,157
495,154
495,151
495,148
495,146
495,143
495,140
495,138
495,135
495,132
495,129
495,127
495,124
495,121
495,119
495,114
495,109
495,107
495,100
495,92
495,87
495,85
495,82
495,79
495,77
495,74
495,71
495,68
495,66
495,63
495,60
495,58
495,55
495,52
495,49
495,47
495,44
495,41
495,39
495,36
495,33
495,30
495,28
495,25
495,22
495,20
495,17
495,14
495,12
495,9
495,6
495,2
494,3
494,0
493,2
493,0
492,2
491,4
491,1
490,4
490,1
489,4
489,2
488,4
488,1
487,3
487,1
486,3
486,0
485,3
485,0
484,5
484,3
484,0
483,1
482,3
482,1
481,4
481,1
480,5
480,2
479,5
479,2
479,0
478,2
477,4
477,2
476,5
476,2
475,5
475,3
475,0
474,3
474,1
473,4
473,1
472,4
472,2
471,4
471,1
470,5
470,2
469,3
469,1
468,4
468,1
467,4
467,2
466,7
466,4
466,2
465,5
465,2
464,4
464,2
463,3
463,0
462,4
462,1
461,4
461,1
460,5
460,2
459,6
459,4
459,1
458,3
458,1
457,5
457,2
456,6
456,4
456,1
455,2
455,0
454,1
453,6
453,3
453,1
452,2
451,5
451,3
451,0
450,2
449,5
449,3
449,0
448,3
448,1
447,5
447,2
447,0
446,3
446,0
445,2
445,0
444,4
444,1
443,6
443,3
443,0
442,9
442,7
442,4
442,1
441,4
441,1
440,5
440,2
440,0
439,2
438,4
438,2
437,5
437,2
436,5
436,3
436,0
435,2
435,0
434,2
433,4
433,2
432,3
432,0
429,2
427,2
424,2
421,2
420,5
418,5
418,2
417,4
417,2
416,5
415,4
414,7
414,4
413,2
411,4
410,6
410,2
408,6
406,7
406,4
405,4
405,1
404,3
404,0
403,4
403,1
402,5
402,3
402,0
401,2
400,8
400,6
400,3
400,0
399,4
399,1
398,3
398,0
397,4
397,1
396,5
396,3
396,0
395,2
394,4
394,2
393,5
393,2
393,0
392,2
391,5
391,3
391,0
390,3
390,0
389,5
389,2
388,8
388,6
388,3
388,0
387,4
387,2
386,5
386,2
386,0
385,4
385,1
384,5
384,3
384,0
383,2
383,0
382,1
381,4
381,2
380,4
380,1
379,3
379,1
378,4
378,1
377,5
377,2
376,4
376,1
375,4
375,1
374,4
374,2
373,6
373,3
373,0
372,2
371,4
371,1
370,5
370,2
369,6
369,3
369,1
368,4
368,1
367,6
367,3
367,0
366,4
366,1
365,5
365,2
365,0
364,3
364,0
363,6
363,3
363,0
362,2
362,0
361,2
360,4
360,2
359,5
359,2
358,4
358,2
357,5
357,2
357,0
356,2
355,5
355,3
355,0
354,6
354,3
354,1
353,5
353,2
353,0
352,2
351,5
351,2
351,0
350,5
350,2
350,0
349,2
348,4
348,1
347,5
347,2
346,4
346,2
345,7
345,4
345,2
344,4
344,1
343,5
343,3
343,0
342,2
342,0
341,2
340,6
340,3
340,1
339,5
339,2
339,0
338,3
338,0
337,3
337,1
336,6
336,3
336,1
335,4
335,1
334,3
334,1
333,3
333,0
332,3
332,0
331,2
331,0
330,3
330,0
329,6
329,4
329,1
328,3
328,1
327,2
326,5
326,2
326,0
325,2
324,4
324,2
323,6
323,3
323,0
322,3
322,0
321,4
321,2
320,7
320,4
320,2
319,4
319,1
318,6
318,4
318,1
317,5
317,3
317,0
316,4
316,1
315,6
315,3
315,0
314,8
314,5
314,2
313,6
313,4
313,1
312,3
312,1
311,3
311,0
310,3
310,1
309,5
309,2
309,0
308,4
308,1
307,5
307,2
306,5
306,2
306,0
305,3
305,0
304,3
304,0
303,2
302,5
302,3
302,0
301,2
301,0
300,3
300,0
299,2
299,0
298,4
298,1
297,4
297,1
296,3
296,1
295,6
295,3
295,0
294,6
294,3
294,0
293,6
293,3
293,0
292,2
292,0
291,2
290,3
290,1
289,6
289,3
289,0
288,6
288,3
288,0
287,2
286,5
286,2
285,7
285,5
285,2
284,4
284,2
283,6
283,3
283,1
282,5
282,2
281,5
281,3
281,0
280,5
280,3
280,0
279,5
279,2
279,0
278,6
278,3
278,1
277,4
277,1
276,3
276,1
275,3
275,0
274,3
274,0
273,3
273,1
272,3
272,0
271,3
271,1
270,3
270,0
269,3
269,0
268,2
267,4
267,2
266,4
266,1
265,4
265,1
264,3
264,0
263,3
263,0
262,2
262,0
261,2
260,4
260,2
259,4
259,1
258,3
258,1
257,5
257,2
257,0
256,2
255,4
255,1
254,4
254,1
253,4
253,2
252,7
252,4
252,1
251,6
251,3
251,0
250,5
250,2
249,6
249,3
249,1
248,5
248,2
248,0
247,4
247,1
246,4
246,1
245,6
245,3
245,1
244,3
244,0
243,2
242,8
242,5
242,2
242,0
241,2
240,5
240,3
240,0
239,2
238,5
238,3
238,0
237,2
237,0
236,7
236,4
236,2
235,5
235,2
234,5
234,3
234,0
233,4
233,2
232,5
232,2
231,6
231,4
231,1
230,3
230,1
229,5
229,2
228,5
228,3
228,0
227,4
227,2
226,5
226,2
225,5
225,3
225,0
224,4
224,2
223,4
223,1
222,4
222,1
221,5
221,2
221,0
220,3
220,0
219,3
219,0
218,1
217,3
217,1
216,6
216,3
216,1
215,4
215,1
214,3
214,1
213,3
213,0
212,3
212,0
211,2
211,0
210,2
209,4
209,1
208,3
208,0
207,3
207,1
206,4
206,1
205,2
205,0
204,4
204,1
203,7
203,4
203,1
202,3
202,1
201,3
201,0
200,4
200,1
199,3
199,0
198,4
198,1
197,3
197,1
196,4
196,1
195,7
195,4
195,1
194,3
194,1
193,5
193,2
193,0
192,2
191,6
191,3
191,1
190,5
190,2
190,0
189,4
189,1
188,3
188,1
187,4
187,1
186,4
186,1
185,6
185,4
185,1
184,5
184,2
184,0
183,5
183,2
183,0
182,2
181,6
181,3
181,1
180,5
180,2
180,0
179,2
178,6
178,3
178,1
177,6
177,3
177,1
176,2
175,5
175,3
175,0
174,5
174,2
174,0
173,3
173,0
172,2
171,6
171,3
171,0
170,4
170,1
169,6
169,4
169,1
168,2
167,3
167,1
166,5
166,2
166,0
165,2
164,5
164,2
164,0
163,6
163,3
163,1
162,4
162,1
161,7
161,4
161,1
160,14
160,12
160,9
160,6
160,4
160,1
159,3
159,0
158,4
158,1
157,5
157,3
157,0
156,4
156,1
155,4
155,1
154,3
154,1
153,2
152,3
152,1
151,2
150,5
150,2
150,0
149,3
149,0
148,25
148,20
148,17
148,14
148,12
148,9
148,6
148,4
148,1
147,2
146,4
146,2
145,5
145,2
145,0
144,3
144,0
143,3
143,1
142,4
142,1
141,3
141,0
140,3
140,1
139,4
139,1
138,3
138,1
137,4
137,1
136,6
136,3
136,0
135,2
135,0
134,3
134,0
133,5
133,2
132,5
132,2
132,0
131,3
131,0
130,6
130,3
130,0
129,3
129,0
128,5
128,2
128,0
127,3
127,0
126,2
125,6
125,3
125,0
124,3
124,0
123,13
123,11
123,8
123,5
123,2
123,0
122,18
122,15
122,13
122,10
122,7
122,4
122,2
121,9
121,6
121,4
121,1
120,8
120,6
120,3
120,0
119,9
119,7
119,4
119,1
118,12
118,9
118,6
118,3
118,1
117,4
117,1
116,6
116,3
116,0
115,5
115,3
115,0
114,3
114,1
113,3
113,0
112,3
112,0
111,2
110,4
110,2
109,4
109,1
108,4
108,1
107,2
106,3
106,1
105,3
105,0
104,3
104,0
103,2
102,4
102,2
101,3
101,0
100,3
100,0
99,1
98,100
98,97
98,94
98,91
98,89
98,86
98,83
98,81
98,76
98,72
98,67
98,35
98,32
98,26
98,24
98,21
98,18
98,15
98,13
98,10
98,7
98,5
98,2
97,4
97,1
96,6
96,3
96,0
95,6
95,3
95,0
94,3
94,0
93,2
92,4
92,2
91,13
91,10
91,8
91,5
91,2
90,7
90,5
90,2
89,4
89,2
88,3
88,0
87,1
86,5
86,2
85,6
85,4
85,1
84,40
84,38
84,35
84,32
84,29
84,27
84,24
84,21
84,19
84,16
84,13
84,10
84,8
84,5
84,2
84,0
83,8
83,5
83,2
83,0
82,4
82,1
81,6
81,3
81,0
80,4
80,2
79,6
79,3
79,1
78,10
78,7
78,5
78,2
77,3
77,0
76,5
76,2
75,5
75,3
75,0
74,6
74,3
74,1
73,6
73,3
73,1
72,6
72,3
72,0
71,6
71,3
71,0
70,5
70,2
69,6
69,4
69,1
68,5
68,2
68,0
67,6
67,3
67,1
66,3
66,0
65,2
65,0
64,4
64,1
63,5
63,2
62,18
62,15
62,13
62,10
62,7
62,5
62,2
61,32
61,29
61,27
61,24
61,21
61,19
61,11
61,8
61,5
61,2
61,0
60,2
59,4
59,2
58,6
58,3
58,0
57,5
57,2
56,6
56,4
56,1
55,20
55,17
55,15
55,12
55,9
55,7
55,4
55,1
54,6
54,3
54,0
53,3
53,1
52,4
52,1
51,7
51,4
51,1
50,9
50,7
50,4
50,1
49,7
49,4
49,1
48,5
48,3
48,0
47,2
47,0
46,1
45,7
45,5
45,2
44,4
44,1
43,18
43,15
43,12
43,10
43,7
43,4
43,1
42,5
42,2
41,5
41,3
41,0
40,3
40,0
39,3
39,0
38,2
38,0
37,3
37,0
36,7
36,5
36,2
35,7
35,5
35,2
34,5
34,3
34,0
33,5
33,2
33,0
32,6
32,3
32,1
31,3
31,0
30,4
30,2
29,4
29,1
28,7
28,4
28,1
27,24
27,22
27,19
27,16
27,14
27,11
27,8
27,6
27,3
27,0
26,19
26,17
26,14
26,11
26,9
26,6
26,3
26,0
25,25
25,22
25,19
25,17
25,14
25,11
25,8
25,6
25,3
25,0
24,8
24,5
24,2
4,2
3,5
3,2
2,113
2,111
2,108
2,105
2,103
2,100
2,97
2,94
2,92
2,89
4,1
4,3
4,0
2,81
2,78
2,76
2,73
2,70
2,68
2,65
2,34
2,31
2,29
2,26
2,23
2,21
2,18
2,15
2,13
2,10
2,7
2,4
2,2
1,7
1,4
1,2
0,511
0,494
0,483
0,477
0,470
0,463
0,458
0,454
0,448
0,443
0,441
0,438
0,425
0,421
0,415
0,408
0,274
0,273
0,496
0,272
0,397
0,271
0,359
0,270
0,309
0,269
0,392
0,268
0,501
0,267
0,339
0,266
0,461
0,265
0,371
0,264
0,334
0,263
0,405
0,262
0,414
0,261
0,391
0,260
0,510
0,259
0,331
0,258
0,430
0,257
0,369
0,256
0,495
0,255
0,487
0,254
0,489
0,253
0,488
0,252
0,426
0,251
0,328
0,250
0,321
0,249
0,409
0,248
0,387
0,247
0,468
0,246
0,382
0,245
0,476
0,244
0,332
0,242
0,375
0,241
0,482
0,240
0,366
0,239
0,320
0,238
0,507
0,237
0,505
0,236
0,341
0,235
0,506
0,234
0,337
0,233
0,343
0,232
0,362
0,231
0,367
0,230
0,344
0,229
0,424
0,228
0,227
0,486
0,226
0,370
0,225
0,361
0,224
0,394
0,223
0,325
0,222
0,365
0,221
0,380
0,220
0,318
0,219
0,342
0,218
0,326
0,217
0,327
0,216
0,389
0,215
0,485
0,214
0,386
0,213
0,353
0,212
0,330
0,211
0,354
0,210
0,360
0,209
0,390
0,208
0,372
0,207
0,433
0,206
0,402
0,205
0,475
0,204
0,352
0,203
0,315
0,202
0,351
0,201
0,400
0,200
0,340
0,199
0,484
0,198
0,481
0,197
0,348
0,196
0,377
0,195
0,347
0,194
0,368
0,193
0,437
0,192
0,364
0,63
0,323
0,62
0,492
0,61
0,335
0,60
0,504
0,59
0,358
0,58
0,356
0,57
0,56
0,355
0,55
0,346
0,54
0,403
0,53
0,422
0,52
0,509
0,51
0,312
0,50
0,363
0,49
0,349
0,48
0,385
0,47
0,502
0,46
0,398
0,45
0,388
0,6
0,5
0,1
0,431
0,11
0,4
0,2
0,3
0,7
